!!id a e inc node peri ma epoch H
51t1 88.3151 0.5554 39.5497 288.8459 255.0032 14.2753 58951 7.90 
51t2 88.2158 0.6004 18.6207 303.6089 259.9791 80.5200 58951 8.64 
51t3 88.5293 0.5201 6.5412 259.4770 315.2485 80.0500 58951 8.27 
51t4 88.2489 0.5940 31.3867 24.7175 95.4164 179.2096 58951 8.23 
51t5 88.4590 0.6063 3.5802 32.9662 231.2730 214.2802 58951 7.94 
51t6 88.2615 0.5848 21.3335 59.0398 208.4701 8.4944 58951 8.52 
51t7 88.3470 0.6151 33.0869 229.4174 196.0023 261.2756 58951 8.72 
51t8 88.5182 0.5086 11.3471 5.8957 187.8724 76.2645 58951 8.68 
51t9 88.5432 0.5383 17.9394 319.9433 106.2318 256.5018 58951 8.69 
51t10 88.3232 0.5047 32.8398 276.2078 265.8990 8.0374 58951 8.52 
51t11 88.2523 0.5690 15.6657 130.8040 154.3511 345.0230 58951 8.72 
51t12 88.2688 0.6103 7.9736 208.1258 217.2864 324.4113 58951 8.95 
51t13 88.3924 0.5910 48.5579 315.4724 314.2513 4.9414 58951 8.31 
51t14 88.5160 0.5628 23.7485 71.2518 9.8654 182.8239 58951 7.54 
51t15 88.4387 0.5571 24.9147 140.4134 257.7650 324.8220 58951 8.55 
51t16 88.2190 0.5492 12.2150 339.2904 296.2651 145.4653 58951 8.91 
51t17 88.3299 0.5366 23.1631 45.7645 151.3533 228.0413 58951 8.61 
51t18 88.4743 0.5628 16.0718 13.7680 81.0068 107.5115 58951 8.93 
51t19 88.5887 0.5269 7.3787 345.7746 6.0555 122.3911 58951 8.45 
51t20 88.2424 0.5246 8.0559 346.7976 352.6259 116.5092 58951 8.94 
51t21 88.3826 0.5643 25.2209 92.3585 276.8822 333.3846 58951 8.93 
51t22 88.5271 0.5539 4.3059 136.4633 10.9207 309.4342 58951 8.90 
51t23 88.5892 0.5774 18.4853 186.7400 123.5246 278.4264 58951 8.57 
51t24 88.5077 0.4978 32.7969 198.9488 263.2035 170.7528 58951 8.80 
51t25 88.2725 0.4862 31.1613 29.7835 195.7253 357.9922 58951 7.65 
51t26 88.2915 0.5047 11.4968 146.8164 316.0119 27.7959 58951 8.82 
51t27 88.2725 0.5597 11.1581 135.7837 272.2404 189.9347 58951 8.71 
51t28 88.3346 0.6173 11.0086 88.4459 252.7979 351.2450 58951 8.92 
51t29 88.3610 0.5466 11.5694 291.3145 25.6981 204.4458 58951 8.83 
51t30 88.2389 0.4908 26.5667 64.2859 299.5725 272.6567 58951 8.41 
51t31 88.4947 0.6043 16.4799 323.2569 22.5574 37.1502 58951 8.68 
51t32 88.4233 0.5104 6.7637 185.3813 148.0329 258.9201 58951 8.62 
51t33 88.4172 0.6036 8.5053 56.7006 319.8077 48.2650 58951 8.92 
51t34 88.4261 0.4863 25.1739 101.8075 344.3427 177.1190 58951 8.94 
51t35 88.3128 0.6026 11.2498 34.5138 290.5269 121.6829 58951 8.74 
51t36 88.5347 0.5845 9.0131 276.3785 44.3527 346.2361 58951 7.97 
51t37 88.4656 0.5035 15.4634 353.5715 35.7234 51.3694 58951 8.36 
51t38 88.5757 0.6080 17.8761 149.1165 209.3390 127.2504 58951 8.99 
51t39 88.3890 0.5523 29.8383 92.8610 149.4999 138.8195 58951 8.14 
51t40 88.4818 0.5945 20.5025 185.9940 49.4635 68.5100 58951 8.90 
51t41 88.5559 0.5773 41.8787 72.2613 252.8408 350.8411 58951 7.92 
51t42 88.5170 0.5215 13.6737 297.3425 101.3989 46.4134 58951 8.83 
51t43 88.3133 0.6044 2.0726 108.7089 44.3159 317.4083 58951 8.70 
51t44 88.3040 0.5649 17.7650 139.9627 229.1872 337.6013 58951 8.48 
51t45 88.4861 0.6132 5.1664 161.0894 1.7265 226.3505 58951 7.72 
51t46 88.3732 0.5851 26.6732 196.3255 352.7245 303.7741 58951 8.87 
51t47 88.2273 0.6064 3.9712 144.3883 204.7858 118.4571 58951 8.51 
51t48 88.5007 0.5828 15.5459 258.8234 48.8348 204.9617 58951 8.87 
51t49 88.4286 0.5207 31.2139 22.0958 297.4507 115.2162 58951 8.96 
51t50 88.5782 0.5807 32.1431 80.1029 82.4768 311.7851 58951 8.71 
51t51 88.4165 0.5190 8.6815 209.4906 121.5008 68.9082 58951 8.29 
51t52 88.5387 0.6106 31.6817 140.5089 218.5588 267.4298 58951 8.54 
51t53 88.4846 0.5804 3.4901 62.8887 348.7770 110.3493 58951 8.85 
51t54 88.2126 0.5276 29.9258 76.3721 45.8471 33.4631 58951 8.73 
51t55 88.4032 0.5715 22.3164 26.1485 293.2094 137.5240 58951 8.47 
51t56 88.2071 0.6212 17.0762 261.2749 70.5241 59.6595 58951 8.97 
51t57 88.2916 0.6097 6.6283 261.3628 279.7437 296.1722 58951 7.44 
51t58 88.3704 0.5195 13.5946 3.5699 303.9076 61.7461 58951 7.50 
51t59 88.3736 0.6164 11.2135 340.7772 146.8605 98.9276 58951 8.92 
51t60 88.5912 0.5925 10.3236 194.1794 292.1989 102.8269 58951 8.66 
51t61 88.5905 0.4965 13.0157 54.3719 74.8767 174.3420 58951 8.44 
51t62 88.3742 0.5939 31.8434 296.5189 209.1847 94.6025 58951 8.81 
51t63 88.3549 0.5641 26.5091 300.0849 320.7786 154.6218 58951 8.62 
51t64 88.4988 0.5282 34.6507 133.6032 160.7809 69.8631 58951 8.49 
51t65 88.5392 0.5833 38.5846 45.4785 48.0618 183.4913 58951 8.75 
51t66 88.4169 0.5894 40.9616 185.1000 257.2065 20.8711 58951 8.41 
51t67 88.4648 0.6079 19.4615 44.6519 201.2404 299.5778 58951 8.97 
51t68 88.3016 0.5609 30.2537 9.4560 212.4226 148.6950 58951 8.34 
51t69 88.5198 0.5872 12.0096 272.1103 3.6682 217.1350 58951 8.92 
51t70 88.2285 0.5886 5.2620 100.9194 45.3159 309.8347 58951 8.62 
51t71 88.3240 0.5935 13.9649 139.8014 281.2436 42.7748 58951 8.81 
51t72 88.4316 0.6135 22.6492 136.0148 215.0218 60.0831 58951 8.60 
51t73 88.2530 0.5414 23.8381 38.8465 160.7760 311.0527 58951 8.54 
51t74 88.2557 0.5622 10.0300 164.9796 146.5557 348.1991 58951 8.94 
51t75 88.5883 0.5227 21.6303 47.4306 294.6073 127.8399 58951 7.01 
51t76 88.3960 0.5269 18.1733 220.6143 94.4370 282.0216 58951 7.79 
51t77 88.4393 0.5975 16.9401 47.3633 55.3828 109.0832 58951 8.86 
51t78 88.2368 0.5639 21.0380 296.6409 193.9616 25.8619 58951 8.38 
51t79 88.4624 0.5791 11.0653 44.6442 70.2392 167.4965 58951 7.82 
51t80 88.2733 0.5342 20.8306 313.9275 326.2547 287.7483 58951 8.99 
51t81 88.3834 0.5036 11.4384 52.8338 151.5761 11.4172 58951 8.43 
51t82 88.5173 0.5619 7.7716 29.6673 248.1964 221.5227 58951 8.29 
51t83 88.4104 0.5938 27.5854 357.3447 278.3416 216.6765 58951 8.16 
51t84 88.3877 0.5775 15.8545 334.4771 100.6437 188.2024 58951 7.65 
51t85 88.2123 0.5375 23.1127 283.5040 308.5323 74.0823 58951 8.62 
51t86 88.3543 0.5451 16.5539 148.4115 341.8357 165.1540 58951 8.55 
51t87 88.2589 0.5293 4.6864 144.1755 35.4626 146.4393 58951 8.74 
51t88 88.5653 0.6119 23.3151 113.1468 345.6941 28.8578 58951 6.64 
51t89 88.2071 0.5920 33.1928 256.3680 232.8742 19.0666 58951 8.76 
51t90 88.2197 0.5914 6.4292 161.3564 264.5735 321.2644 58951 8.95 
51t91 88.4861 0.4946 16.2606 21.1800 170.6671 302.6668 58951 8.79 
51t92 88.2670 0.5839 11.2880 187.4866 279.4665 104.9193 58951 8.39 
51t93 88.2344 0.6059 15.1496 181.0549 200.6117 339.3543 58951 8.36 
51t94 88.4059 0.6098 27.0086 119.4691 98.0857 10.9911 58951 8.71 
51t95 88.3369 0.5942 13.4207 356.6839 225.8640 10.1754 58951 7.92 
51t96 88.4758 0.5956 8.9164 212.0333 309.0208 315.5564 58951 8.97 
51t97 88.2667 0.5210 10.5507 88.9616 70.4311 87.4303 58951 8.61 
51t98 88.5361 0.5657 17.8281 278.8802 3.6185 348.9405 58951 8.56 
51t99 88.2929 0.5306 3.9343 341.1316 20.3993 47.7436 58951 8.45 
51t100 88.2100 0.5051 27.8990 88.1940 332.6447 319.3716 58951 7.57 
51t101 88.4957 0.6125 27.1077 164.0436 129.0353 133.7755 58951 8.58 
51t102 88.3700 0.5321 29.0018 166.5541 7.5711 304.1463 58951 7.36 
51t103 88.4786 0.6243 17.8449 138.0061 53.9935 154.9233 58951 8.93 
51t104 88.3149 0.5809 8.4404 320.3000 172.9099 247.5285 58951 8.42 
51t105 88.4426 0.5568 37.6157 309.6412 253.4080 292.5129 58951 9.00 
51t106 88.2325 0.6088 1.7018 331.8771 354.6122 133.4154 58951 8.77 
51t107 88.4646 0.5931 14.3825 232.9152 230.7620 309.4518 58951 8.81 
51t108 88.5046 0.5273 4.3692 10.4880 358.4708 266.2154 58951 8.21 
51t109 88.2399 0.5195 10.3741 326.4366 351.7625 348.0688 58951 8.50 
51t110 88.4919 0.6101 6.7038 266.9819 301.6964 216.1291 58951 8.70 
51t111 88.2854 0.5191 28.4491 137.5660 144.6234 341.2965 58951 8.87 
51t112 88.3235 0.5226 18.7467 21.1027 299.4354 191.5728 58951 9.00 
51t113 88.5455 0.5362 16.9465 127.3990 344.2118 23.0281 58951 8.20 
51t114 88.2336 0.5931 23.8264 20.7752 312.3979 50.9741 58951 8.99 
51t115 88.4210 0.5433 14.6567 25.1823 246.1436 349.3999 58951 8.75 
51t116 88.4947 0.5465 11.2743 82.6221 175.2249 71.9742 58951 8.68 
51t117 88.2362 0.6248 17.2421 235.0206 126.9983 186.3768 58951 8.96 
51t118 88.4490 0.6031 32.3498 243.3881 87.2962 269.0086 58951 8.73 
51t119 88.5642 0.5369 16.8904 290.5137 63.0121 130.8989 58951 8.79 
51t120 88.2134 0.5460 15.6187 150.6981 219.3066 343.1766 58951 8.86 
51t121 88.5780 0.6148 25.1871 44.3407 17.5608 328.2014 58951 8.42 
51t122 88.4266 0.6147 22.0111 298.2952 21.4297 64.0995 58951 8.60 
51t123 88.3466 0.6197 8.1828 96.5602 339.0690 115.8764 58951 8.81 
51t124 88.2524 0.5171 9.9031 287.1353 76.4481 55.0425 58951 8.44 
51t125 88.2996 0.5309 26.4759 335.1031 211.2128 23.7401 58951 7.15 
51t126 88.5190 0.6119 12.6552 210.9318 44.1101 131.7224 58951 8.78 
51t127 88.5272 0.5493 17.1999 55.1631 183.1680 62.9455 58951 8.97 
51t128 88.4660 0.5499 30.7600 222.7817 316.6229 161.2368 58951 8.91 
51t129 88.5247 0.4954 5.8334 45.4793 240.8272 355.9961 58951 8.23 
51t130 88.4214 0.5113 31.1059 296.9896 87.0901 262.1454 58951 8.26 
51t131 88.5289 0.5928 14.5592 212.0279 21.7992 206.9462 58951 7.86 
51t132 88.2460 0.6090 12.2786 221.2351 262.5872 248.5560 58951 8.56 
51t133 88.2131 0.5213 7.4986 104.4766 158.2733 297.9584 58951 8.62 
51t134 88.4875 0.5854 32.4864 80.9429 57.1966 238.3403 58951 8.06 
51t135 88.4559 0.6000 10.5749 104.4206 76.4881 17.7695 58951 8.56 
51t136 88.5647 0.5303 23.7454 347.2629 18.1980 131.3081 58951 8.89 
51t137 88.2143 0.5655 2.6545 290.7907 171.6604 157.3635 58951 8.40 
51t138 88.3927 0.6002 11.6568 314.0814 51.4777 264.3221 58951 8.97 
51t139 88.5354 0.5828 17.2915 297.5454 356.5267 344.9767 58951 7.74 
51t140 88.4365 0.6147 4.0957 137.9142 11.3086 235.0259 58951 8.89 
51t141 88.2092 0.5132 12.5052 43.7427 26.9207 104.9856 58951 8.02 
51t142 88.5947 0.5925 9.8018 334.4733 80.7441 28.8084 58951 7.06 
51t143 88.4694 0.5200 17.2909 80.6604 34.7415 32.5635 58951 8.19 
51t144 88.3813 0.5261 5.0873 150.9683 154.1464 139.8105 58951 8.46 
51t145 88.4280 0.5075 11.0737 102.0860 265.9390 121.1077 58951 8.71 
51t146 88.2511 0.5983 27.6550 173.5580 25.9495 88.9295 58951 8.76 
51t147 88.3759 0.5380 28.9104 130.4677 175.0261 128.6871 58951 7.75 
51t148 88.4575 0.6138 36.7045 133.5256 27.3873 154.1537 58951 8.96 
51t149 88.4326 0.5043 28.9579 105.0185 342.3382 318.5805 58951 8.44 
51t150 88.5551 0.5924 17.0892 157.5355 180.1121 269.4105 58951 8.24 
51t151 88.2499 0.5616 9.7546 107.9191 2.2948 177.0683 58951 8.73 
51t152 88.2947 0.6041 30.3279 64.1687 115.6565 228.9629 58951 7.35 
51t153 88.5083 0.5594 18.3140 224.7359 266.4125 316.7155 58951 9.00 
51t154 88.5106 0.4938 13.6454 224.7426 0.6200 217.2266 58951 7.90 
51t155 88.4074 0.6247 5.2337 327.8867 161.2437 28.0201 58951 8.35 
51t156 88.2885 0.5777 22.7754 357.2609 236.1620 74.3011 58951 7.56 
51t157 88.2303 0.6161 31.0530 241.4096 254.2141 225.2584 58951 8.67 
51t158 88.2898 0.5767 8.1161 275.8877 248.1309 292.8297 58951 8.98 
51t159 88.5885 0.5637 15.2918 325.0718 298.6495 145.7976 58951 8.79 
51t160 88.5128 0.5849 49.1961 342.6311 249.1610 12.7026 58951 7.69 
51t161 88.3012 0.5255 9.1685 173.9535 144.0200 269.6599 58951 8.48 
51t162 88.4733 0.5659 0.4389 198.8712 343.4995 143.8616 58951 8.73 
51t163 88.3416 0.6136 37.3725 79.2486 354.6140 261.4404 58951 8.99 
51t164 88.2980 0.5564 39.8837 88.9646 123.0529 294.0750 58951 7.85 
51t165 88.3161 0.6202 55.6000 352.1102 266.9968 279.3391 58951 8.80 
51t166 88.3673 0.5971 22.5321 339.0960 37.4131 178.7005 58951 8.00 
51t167 88.5599 0.5723 14.2956 79.2355 101.8396 295.0983 58951 8.22 
51t168 88.4247 0.5593 36.0172 161.7959 329.3313 253.3517 58951 6.85 
51t169 88.2829 0.6179 22.4335 208.0423 348.9896 9.4988 58951 8.42 
51t170 88.5434 0.5384 34.9537 83.0187 56.1195 308.1793 58951 8.45 
51t171 88.3479 0.5436 10.0128 182.0748 96.6124 289.8578 58951 8.97 
51t172 88.5422 0.5866 43.2412 164.2469 62.0584 224.3210 58951 8.79 
51t173 88.2967 0.6164 4.2263 185.0220 42.2419 145.6796 58951 8.73 
51t174 88.4717 0.6133 9.3452 21.1964 319.1789 38.2992 58951 8.46 
51t175 88.5317 0.4995 17.8930 158.7412 349.9402 243.0749 58951 8.90 
51t176 88.5733 0.5008 19.6212 145.0584 283.0656 107.0246 58951 8.85 
51t177 88.2047 0.5394 21.2924 221.9276 255.6186 94.7773 58951 8.86 
51t178 88.4607 0.5114 29.3854 77.3771 316.7911 331.9628 58951 8.16 
51t179 88.4384 0.5134 17.9990 172.9150 119.5943 143.4113 58951 8.87 
51t180 88.5586 0.6092 5.8171 250.6281 61.7740 132.9217 58951 6.42 
51t181 88.3349 0.6231 19.3546 63.2243 89.2544 150.5671 58951 8.88 
51t182 88.5714 0.5725 34.6271 14.2169 211.4969 212.9764 58951 8.08 
51t183 88.3275 0.5112 2.3900 223.8499 219.0297 320.2879 58951 8.91 
51t184 88.4041 0.5224 10.2583 352.7753 156.4856 229.3847 58951 8.62 
51t185 88.3963 0.5673 19.3193 324.3039 81.4535 179.0965 58951 7.57 
51t186 88.2129 0.6187 10.9456 297.1607 217.4051 241.9323 58951 8.05 
51t187 88.2192 0.5330 15.1036 161.3585 87.7612 205.6568 58951 8.63 
51t188 88.2405 0.6060 23.0442 26.3274 175.1738 227.2843 58951 8.48 
51t189 88.2833 0.6138 17.1826 148.8557 29.6997 227.5079 58951 8.13 
51t190 88.3824 0.5856 18.0968 301.3887 113.7710 178.3291 58951 8.86 
51t191 88.2202 0.5933 12.3180 143.8260 123.8305 139.5265 58951 8.38 
51t192 88.3112 0.5006 26.9158 139.5247 155.1939 122.2447 58951 8.68 
51t193 88.4846 0.6155 26.1782 172.4066 56.5107 299.6141 58951 7.43 
51t194 88.5813 0.5533 16.0745 238.1111 353.1702 9.8037 58951 8.80 
51t195 88.5635 0.5742 12.4320 187.5206 354.3281 309.7192 58951 8.35 
51t196 88.2516 0.6057 18.3487 56.2565 103.8340 300.7806 58951 7.58 
51t197 88.4540 0.4975 22.5093 29.3214 345.7604 180.6036 58951 8.02 
51t198 88.5464 0.5608 24.0317 183.7395 143.4513 276.6549 58951 8.56 
51t199 88.3174 0.5440 25.3688 43.0508 82.9415 168.6161 58951 7.75 
51t200 88.5604 0.5632 31.5486 173.5755 265.0321 174.8604 58951 8.91 
51t201 88.5029 0.5363 17.0763 134.8015 327.1987 235.5888 58951 7.66 
51t202 88.4324 0.5411 6.6613 188.2566 50.9373 9.1075 58951 8.86 
51t203 88.3397 0.5492 24.4932 184.0567 74.9995 220.1603 58951 8.58 
51t204 88.3085 0.5365 11.3525 76.3919 282.4057 190.0786 58951 8.30 
51t205 88.2078 0.6088 17.2407 316.5709 76.8220 107.8141 58951 8.51 
51t206 88.4222 0.6145 13.6657 272.8907 93.6357 339.4148 58951 7.67 
51t207 88.5500 0.5560 17.8290 77.8442 264.2622 126.6746 58951 8.50 
51t208 88.4290 0.5917 27.3997 12.7196 303.2944 201.3724 58951 7.43 
51t209 88.3613 0.4899 17.7482 87.9393 225.5056 132.0807 58951 8.57 
51t210 88.3483 0.6123 37.8265 187.9484 102.7234 348.9677 58951 8.81 
51t211 88.3618 0.6208 27.8547 97.9935 201.2340 132.3314 58951 8.09 
51t212 88.2021 0.5456 28.6008 6.1755 125.9304 24.0759 58951 8.48 
51t213 88.5463 0.5174 12.2352 146.0768 246.7277 319.0375 58951 8.78 
51t214 88.5020 0.6010 19.5435 293.3499 16.2666 206.6898 58951 8.15 
51t215 88.5492 0.6156 23.9679 11.8890 5.4515 185.0225 58951 8.38 
51t216 88.3729 0.6228 28.1278 167.5515 188.2799 199.5386 58951 8.59 
51t217 88.4030 0.5859 28.9458 71.9089 266.8227 271.3391 58951 8.87 
51t218 88.2949 0.5989 20.6908 322.5574 51.1852 127.1739 58951 8.12 
51t219 88.4130 0.4952 18.8837 98.5385 31.3005 245.7279 58951 8.89 
51t220 88.2887 0.4866 24.4536 166.9798 185.9725 336.6635 58951 8.23 
51t221 88.5210 0.6026 13.0996 270.7466 26.4402 358.1130 58951 8.47 
51t222 88.4937 0.6042 13.2265 293.3356 92.2282 35.3704 58951 8.29 
51t223 88.5630 0.4947 27.7116 350.2753 144.9035 20.1347 58951 8.90 
51t224 88.3370 0.5283 21.2242 314.9010 289.5662 212.0540 58951 8.47 
51t225 88.2441 0.5912 34.1226 270.6103 0.2013 128.3695 58951 8.95 
51t226 88.2143 0.5660 8.7882 351.0740 233.0875 289.7517 58951 7.19 
51t227 88.5144 0.5055 6.7875 316.6711 20.7120 201.6073 58951 8.86 
51t228 88.5703 0.5907 29.6233 192.3430 328.4228 310.4156 58951 8.99 
51t229 88.3500 0.4915 36.7577 52.6279 117.6561 90.5083 58951 8.72 
51t230 88.3838 0.4983 47.9166 294.9500 183.7765 32.5262 58951 8.76 
51t231 88.3620 0.5990 3.6763 87.0829 248.9643 208.2508 58951 8.44 
51t232 88.2485 0.5920 17.3195 43.1505 311.7079 121.4291 58951 8.76 
51t233 88.2894 0.4909 15.1175 189.8106 237.6254 332.9550 58951 8.16 
51t234 88.5382 0.5441 11.6708 224.6430 70.4917 59.9695 58951 8.90 
51t235 88.4640 0.6185 18.9732 202.0047 62.2737 144.2951 58951 8.95 
51t236 88.3232 0.5661 11.1426 2.9177 143.0767 242.5796 58951 8.31 
51t237 88.2484 0.6015 34.3467 13.1943 28.6765 44.2233 58951 8.85 
51t238 88.2156 0.6037 29.4247 63.5130 211.9381 64.1991 58951 8.80 
51t239 88.3052 0.4993 8.8659 280.4225 221.1308 1.7863 58951 8.62 
51t240 88.2917 0.6147 23.8404 321.4556 39.9617 268.6581 58951 8.83 
51t241 88.5323 0.5295 1.3222 131.5603 141.0645 348.0311 58951 8.23 
51t242 88.2645 0.5922 24.5765 339.3984 88.8271 182.1479 58951 8.08 
51t243 88.5691 0.5922 15.1737 89.1506 282.1046 127.8395 58951 8.93 
51t244 88.4479 0.6059 8.2700 249.3456 71.2583 342.5096 58951 8.99 
51t245 88.4983 0.5843 13.6809 300.0659 166.5587 92.6450 58951 8.69 
51t246 88.5062 0.5168 29.2799 35.1410 223.8908 354.2701 58951 7.67 
51t247 88.5877 0.6150 21.6127 32.0308 0.2348 189.9841 58951 7.61 
51t248 88.2279 0.4895 21.8973 304.8080 316.7057 78.2339 58951 8.66 
51t249 88.4162 0.6119 22.5703 1.7472 335.2899 59.2582 58951 8.15 
51t250 88.3114 0.5246 16.5785 141.5111 31.7676 166.5418 58951 8.55 
51t251 88.2075 0.5387 27.7354 214.1355 113.7298 210.6151 58951 8.65 
51t252 88.4605 0.5495 16.5237 128.0283 31.0468 85.8077 58951 8.47 
51t253 88.5534 0.5568 2.8753 244.6032 284.4132 164.2093 58951 8.44 
51t254 88.2892 0.6151 16.8662 67.1704 105.2656 70.4745 58951 8.67 
51t255 88.2339 0.5603 11.2786 166.3880 303.1192 320.3557 58951 8.76 
51t256 88.5210 0.5316 18.9585 168.4718 349.8233 20.9064 58951 8.43 
51t257 88.5974 0.5954 24.7711 297.8653 183.9358 243.2204 58951 8.69 
51t258 88.4368 0.6077 11.2622 29.1652 146.0854 86.6253 58951 8.84 
51t259 88.5680 0.5960 20.6969 225.6878 246.5537 234.2301 58951 8.94 
51t260 88.5700 0.5796 24.4194 290.6349 109.0583 118.4108 58951 8.70 
51t261 88.2681 0.6013 13.7418 32.2696 87.4022 30.8027 58951 5.54 
51t262 88.3923 0.5150 19.9890 143.3613 116.1388 81.9621 58951 8.38 
51t263 88.5147 0.5200 12.4243 321.3572 209.7620 20.2441 58951 8.67 
51t264 88.4517 0.5601 23.7212 16.7827 213.6723 5.6168 58951 8.25 
51t265 88.4698 0.5001 16.4221 53.9267 260.2914 199.2670 58951 8.43 
51t266 88.5699 0.5653 10.2077 205.7704 139.3276 61.9557 58951 8.03 
51t267 88.2422 0.6000 46.4133 294.5374 32.0343 131.2410 58951 7.87 
51t268 88.3670 0.5901 16.7207 232.6062 42.0811 70.7480 58951 6.95 
51t269 88.3514 0.6140 21.5691 99.2527 117.0768 297.7340 58951 7.95 
51t270 88.2157 0.5245 23.2239 164.9127 190.1910 49.0400 58951 6.67 
51t271 88.4561 0.4888 25.3826 17.2402 38.3943 182.5367 58951 8.73 
51t272 88.2978 0.5310 31.6489 65.8024 234.6093 271.7769 58951 7.63 
51t273 88.4253 0.5386 16.1028 312.4100 203.2018 89.4275 58951 8.96 
51t274 88.5262 0.4851 18.9624 117.4763 359.0299 175.9216 58951 8.83 
51t275 88.5903 0.5478 10.8731 272.9270 73.0378 277.8194 58951 8.35 
51t276 88.2893 0.5992 27.1375 109.9435 37.2821 96.9534 58951 8.83 
51t277 88.2921 0.5890 22.4244 209.7022 205.8962 260.1401 58951 8.67 
51t278 88.4158 0.5899 18.9859 349.3639 150.8478 94.7002 58951 8.90 
51t279 88.5612 0.5834 32.5442 153.2670 104.3160 59.5496 58951 8.84 
51t280 88.5684 0.5605 33.1536 7.7984 321.7043 353.3575 58951 8.22 
51t281 88.4735 0.5611 11.1052 31.5890 308.1698 339.6949 58951 8.94 
51t282 88.3705 0.5202 20.0966 253.4294 164.2075 110.3307 58951 8.54 
51t283 88.4969 0.4982 13.8007 69.7841 174.2244 282.5882 58951 8.99 
51t284 88.2677 0.5535 20.6828 80.1512 220.9033 206.9583 58951 8.19 
51t285 88.5784 0.5113 26.4192 322.6862 297.9692 286.5409 58951 8.44 
51t286 88.4882 0.5855 6.7447 185.6599 72.3067 141.4996 58951 8.96 
51t287 88.3572 0.6217 15.1819 224.5493 54.7583 60.8938 58951 8.43 
51t288 88.5149 0.4971 19.4315 308.5881 177.0757 88.4787 58951 8.91 
51t289 88.3637 0.5459 21.9852 24.6110 143.0185 161.1829 58951 8.29 
51t290 88.2682 0.5376 18.3045 348.2916 46.4732 189.7731 58951 8.66 
51t291 88.5038 0.6230 17.0383 212.3543 130.1421 197.7625 58951 8.79 
51t292 88.4993 0.6021 38.4906 261.6624 260.9877 308.2705 58951 8.16 
51t293 88.5477 0.6176 30.2227 129.5942 120.3595 144.7145 58951 8.96 
51t294 88.5541 0.5279 23.1140 237.2807 201.9690 176.1047 58951 8.99 
51t295 88.5790 0.6120 17.7571 160.2590 154.0151 281.1119 58951 8.93 
51t296 88.3378 0.4916 13.8862 346.8996 58.3449 104.1678 58951 8.89 
51t297 88.4927 0.5345 29.3105 177.9602 107.4064 283.9139 58951 8.93 
51t298 88.2895 0.5873 10.8869 312.4912 35.8295 262.8882 58951 8.11 
51t299 88.3585 0.5636 8.9249 124.6944 36.1978 21.1553 58951 8.96 
51t300 88.2594 0.6066 28.0984 146.7184 103.2936 149.5938 58951 8.65 
51t301 88.5521 0.6199 11.5501 28.2360 73.5904 254.2845 58951 8.85 
51t302 88.3183 0.5293 17.3092 205.5051 175.6682 42.0178 58951 8.75 
51t303 88.2807 0.4930 26.2357 291.0598 83.0764 197.8947 58951 8.87 
51t304 88.2792 0.5815 23.9132 344.7541 25.9960 199.5887 58951 8.53 
51t305 88.3727 0.5787 31.7153 131.7443 138.2458 2.1657 58951 8.80 
51t306 88.2779 0.5945 10.4722 108.8002 148.3529 277.4901 58951 7.73 
51t307 88.2706 0.5569 17.4741 94.2164 249.2244 202.5893 58951 7.35 
51t308 88.3257 0.5181 24.1327 149.3914 75.6838 142.0519 58951 8.97 
51t309 88.4535 0.5023 16.9288 158.0394 261.6309 44.7224 58951 8.92 
51t310 88.4398 0.6115 21.0980 291.9175 218.1673 246.5796 58951 8.97 
51t311 88.5093 0.5399 30.0422 170.3939 186.0132 122.8669 58951 8.75 
51t312 88.2129 0.4995 18.3540 344.5843 265.8288 1.6786 58951 8.85 
51t313 88.5604 0.5227 26.5116 44.1150 30.2853 119.2818 58951 8.99 
51t314 88.5570 0.5851 10.8431 103.1941 343.2921 251.3933 58951 8.91 
51t315 88.4450 0.5707 0.1280 223.9609 87.6737 342.8643 58951 8.80 
51t316 88.3244 0.5254 21.1705 200.6250 64.2216 142.8115 58951 8.99 
51t317 88.2922 0.5538 16.1519 173.8245 74.5097 78.8932 58951 8.80 
51t318 88.3662 0.5094 37.0863 153.5631 54.3489 86.7146 58951 8.99 
51t319 88.2554 0.5379 23.9136 213.2156 289.2016 98.2170 58951 8.52 
51t320 88.4608 0.5236 23.2763 18.3312 164.0558 229.3838 58951 6.07 
51t321 88.4408 0.5867 48.0673 354.7903 215.3037 83.7772 58951 8.46 
51t322 88.5775 0.5359 8.3762 226.0208 174.5107 123.6597 58951 8.94 
51t323 88.3630 0.5667 8.7333 286.6717 333.1614 294.9100 58951 8.03 
51t324 88.3119 0.5377 27.9481 296.6540 169.8114 95.9745 58951 8.95 
51t325 88.2031 0.6137 7.2972 319.1495 166.3994 25.6818 58951 8.28 
51t326 88.2201 0.5801 4.8714 349.6450 53.9768 328.3964 58951 8.96 
51t327 88.4222 0.4888 13.8888 141.2687 158.5560 353.2820 58951 9.00 
51t328 88.3873 0.5960 13.3655 19.9408 175.1891 296.6479 58951 8.47 
51t329 88.4950 0.5306 21.0836 148.1825 215.1981 57.5213 58951 8.82 
51t330 88.4729 0.5494 9.5517 235.2542 104.1454 343.6506 58951 8.27 
51t331 88.2385 0.5576 10.2421 41.5082 231.0514 214.9606 58951 8.65 
51t332 88.3174 0.6185 1.6295 46.0259 270.8280 258.9200 58951 8.45 
51t333 88.5215 0.5515 1.9691 47.5063 24.2250 106.4148 58951 8.66 
51t334 88.5653 0.5709 30.5564 268.4774 107.0726 178.6836 58951 8.79 
51t335 88.2655 0.5367 9.8174 189.4216 268.9296 325.1350 58951 8.95 
51t336 88.5148 0.5203 24.0007 297.5590 233.2019 151.0013 58951 8.80 
51t337 88.2545 0.6120 20.4300 341.0421 181.4609 164.1117 58951 8.51 
51t338 88.5932 0.5066 12.4564 186.3847 304.3713 154.5156 58951 8.91 
51t339 88.2555 0.6066 14.8871 172.7964 239.4714 107.4763 58951 8.00 
51t340 88.4037 0.5120 18.5652 63.6779 322.2445 197.1597 58951 8.95 
51t341 88.3339 0.6034 8.5897 160.9838 201.5696 329.2873 58951 8.93 
51t342 88.5467 0.4874 10.6216 0.8658 33.4041 184.3187 58951 8.07 
51t343 88.5304 0.6029 14.7819 141.7542 229.2942 245.9448 58951 8.70 
51t344 88.4939 0.6200 20.5878 215.2846 312.2856 239.3639 58951 8.66 
51t345 88.2665 0.5349 30.3576 174.9745 59.7890 150.0870 58951 8.30 
51t346 88.5753 0.6224 22.2012 184.9241 199.7232 186.2313 58951 8.10 
51t347 88.3367 0.5372 26.0859 206.2086 99.1008 349.9994 58951 8.72 
51t348 88.4522 0.5659 7.3867 91.3116 162.6125 216.9147 58951 8.81 
51t349 88.3740 0.4896 8.0002 356.3041 120.9922 33.3435 58951 8.99 
51t350 88.4015 0.4962 11.0267 177.6191 172.3823 128.0842 58951 7.99 
51t351 88.3221 0.5340 11.4278 180.7480 0.4129 160.1040 58951 8.76 
51t352 88.2167 0.5463 5.1360 86.5534 116.7304 14.6426 58951 8.54 
51t353 88.2616 0.6195 17.5680 117.9186 164.7083 208.8951 58951 8.89 
51t354 88.4282 0.6065 27.9585 95.8808 276.3593 130.9711 58951 8.90 
51t355 88.4928 0.5741 18.0311 346.0354 160.5999 90.8627 58951 7.31 
51t356 88.2489 0.5788 12.1983 221.3308 352.7355 14.7489 58951 8.71 
51t357 88.5791 0.5337 29.6293 127.7765 153.5188 344.0936 58951 8.36 
51t358 88.2025 0.5153 3.2615 253.3793 70.3894 56.6423 58951 8.79 
51t359 88.5210 0.5011 12.5022 75.8223 265.3771 266.8483 58951 8.51 
51t360 88.5846 0.6033 20.5990 185.8569 33.5903 226.3512 58951 7.97 
51t361 88.2728 0.5867 15.6297 113.2735 45.7689 12.8737 58951 8.90 
51t362 88.4712 0.5383 21.2884 299.4839 119.4883 50.7079 58951 8.94 
51t363 88.3069 0.5767 8.2633 112.3394 0.0738 91.7022 58951 8.94 
51t364 88.3566 0.5318 46.7850 139.2241 158.1708 351.2988 58951 8.82 
51t365 88.5477 0.5398 19.2161 141.3195 230.1545 337.3659 58951 8.92 
51t366 88.4790 0.5483 20.9365 101.1764 165.8041 8.6276 58951 8.25 
51t367 88.5222 0.5283 37.0329 274.0993 110.0488 41.1516 58951 8.69 
51t368 88.2064 0.5815 29.2813 176.3673 206.2926 184.3568 58951 8.91 
51t369 88.2536 0.6046 13.1296 30.6894 97.4331 12.9869 58951 8.38 
51t370 88.5556 0.5141 13.8593 111.4332 180.3036 131.5354 58951 8.79 
51t371 88.3941 0.5788 11.1444 280.6365 277.9604 226.1023 58951 8.92 
51t372 88.2218 0.5393 4.9641 305.1041 121.2570 173.1307 58951 8.62 
51t373 88.2400 0.5587 16.0175 231.5821 80.3065 136.9424 58951 7.87 
51t374 88.3166 0.5577 6.0476 220.6795 301.1567 234.8826 58951 8.47 
51t375 88.4039 0.5732 29.7305 143.7942 82.5999 284.3881 58951 8.95 
51t376 88.3496 0.5771 16.9335 43.7771 98.6401 29.7284 58951 7.03 
51t377 88.2580 0.6102 5.4882 163.4796 297.6152 252.1896 58951 8.15 
51t378 88.4372 0.5287 19.1094 38.0960 290.5942 206.7555 58951 8.67 
51t379 88.4804 0.5580 28.5604 113.6984 48.3746 149.4760 58951 8.99 
51t380 88.4019 0.5000 32.6894 77.3679 102.2546 165.3521 58951 8.69 
51t381 88.5167 0.6227 9.6145 113.3537 205.1107 135.7848 58951 8.97 
51t382 88.5936 0.6157 12.8267 319.9643 180.0441 238.8581 58951 6.47 
51t383 88.3663 0.6143 13.1707 192.8114 227.0177 316.6538 58951 8.89 
51t384 88.3998 0.5655 26.1002 8.4470 96.7493 25.2712 58951 7.87 
51t385 88.4781 0.5393 13.3757 288.8413 238.4084 167.1742 58951 8.56 
51t386 88.4376 0.5293 21.8769 200.1138 160.8226 342.0044 58951 7.90 
51t387 88.5924 0.5961 14.5536 200.7208 311.5015 93.7165 58951 8.98 
51t388 88.3266 0.5072 8.6355 235.0390 198.7190 101.3311 58951 8.67 
51t389 88.5999 0.6189 23.1249 226.0342 300.2527 309.3749 58951 8.70 
51t390 88.3266 0.5795 21.2713 123.3961 95.2751 2.5054 58951 8.91 
51t391 88.4362 0.5844 0.3365 220.8272 56.2675 64.0555 58951 8.33 
51t392 88.3680 0.5221 16.1639 38.6429 285.3451 122.6618 58951 8.99 
51t393 88.4784 0.5417 34.3890 339.6117 162.8984 311.0027 58951 8.38 
51t394 88.4203 0.5724 14.2643 246.2377 99.5927 202.7014 58951 8.73 
51t395 88.5359 0.6174 10.2729 204.3957 260.8251 242.4124 58951 7.56 
51t396 88.4856 0.6227 9.3397 146.9498 146.8873 64.7114 58951 8.73 
51t397 88.2329 0.5284 15.1301 358.3835 17.9548 52.2153 58951 8.96 
51t398 88.2562 0.5909 7.0613 109.8546 113.0595 225.5998 58951 8.85 
51t399 88.2044 0.5941 33.8578 16.9766 255.5810 65.4945 58951 8.72 
51t400 88.2644 0.4886 13.3662 238.2170 341.2438 230.6475 58951 8.72 
51t401 88.4996 0.5559 5.4916 327.1471 106.3350 34.5465 58951 8.90 
51t402 88.5730 0.6205 23.5804 64.4258 125.5514 301.0881 58951 8.89 
51t403 88.2864 0.6044 21.9286 231.4806 115.7849 340.5624 58951 8.39 
51t404 88.3914 0.5781 19.9628 307.4144 65.2370 332.0475 58951 8.44 
51t405 88.5929 0.5475 6.3728 330.8172 326.2135 283.1032 58951 8.68 
51t406 88.5141 0.5008 23.2024 197.5942 93.4214 356.8806 58951 8.94 
51t407 88.5450 0.5685 15.5062 226.8396 234.3218 99.6569 58951 6.28 
51t408 88.5284 0.5710 4.9664 274.5471 112.7755 259.6454 58951 8.93 
51t409 88.3483 0.6121 6.4340 194.6894 102.3734 134.9029 58951 8.72 
51t410 88.4420 0.5967 11.1469 203.2510 352.9575 11.0461 58951 8.88 
51t411 88.5739 0.6073 25.6577 179.9053 54.4454 146.8671 58951 8.84 
51t412 88.3131 0.5414 5.6059 155.0615 186.5203 332.4931 58951 8.81 
51t413 88.5389 0.5007 17.4008 188.9501 284.8606 98.1814 58951 8.98 
51t414 88.2658 0.5637 10.7963 174.4032 11.1042 11.5310 58951 8.71 
51t415 88.4367 0.5996 15.2159 24.9841 297.0778 276.0531 58951 8.95 
51t416 88.5881 0.5892 4.1563 9.8215 45.1791 118.2948 58951 8.99 
51t417 88.2330 0.6096 4.3212 85.7890 201.8912 287.0697 58951 8.64 
51t418 88.3466 0.6149 4.9038 160.2421 85.5754 297.8569 58951 8.89 
51t419 88.4607 0.4874 27.6974 262.0105 172.8327 170.3839 58951 8.42 
51t420 88.2003 0.6061 30.5673 300.7256 295.7757 148.5707 58951 7.35 
51t421 88.4767 0.5182 20.1077 122.6257 268.7583 197.4247 58951 8.25 
51t422 88.4207 0.6220 9.1299 128.1280 113.7216 215.2527 58951 8.04 
51t423 88.5595 0.6017 23.5924 3.6159 7.4631 127.0659 58951 8.74 
51t424 88.3368 0.6184 23.3280 132.8905 11.6188 91.1261 58951 8.64 
51t425 88.3321 0.6004 29.9168 261.0650 52.7278 208.7867 58951 8.97 
51t426 88.3604 0.5343 32.8826 13.8980 296.4506 57.8105 58951 8.84 
51t427 88.5400 0.5715 6.1976 99.5691 179.1011 214.6981 58951 8.13 
51t428 88.2313 0.5918 37.3142 310.2186 166.7152 25.9205 58951 8.55 
51t429 88.2169 0.5298 22.7877 56.2373 69.9406 246.6456 58951 8.67 
51t430 88.5312 0.6206 15.4852 293.7005 330.9729 61.5389 58951 8.72 
51t431 88.3626 0.5428 14.5897 33.1970 92.2054 320.2802 58951 8.90 
51t432 88.4122 0.5090 17.9575 222.6257 159.3021 45.6347 58951 8.93 
51t433 88.2690 0.5498 12.5719 305.0859 112.6120 44.2158 58951 8.96 
51t434 88.5561 0.5894 33.0569 312.3665 54.0628 341.9066 58951 8.94 
51t435 88.2215 0.6236 8.9351 122.1792 230.3795 39.0825 58951 7.38 
51t436 88.2284 0.5742 27.7758 71.0963 236.8685 285.7665 58951 8.83 
51t437 88.4666 0.5404 22.7830 350.8408 172.8480 167.9350 58951 8.07 
51t438 88.4005 0.5652 11.5238 97.1558 217.5158 211.2353 58951 8.77 
51t439 88.4533 0.5528 4.9365 6.6122 151.9026 89.7489 58951 7.28 
51t440 88.3761 0.6234 14.1420 238.2982 172.5224 322.7095 58951 8.63 
51t441 88.5051 0.5358 21.4594 36.9547 24.3010 323.5047 58951 8.74 
51t442 88.4583 0.5804 19.3098 259.8022 264.0615 27.9087 58951 8.83 
51t443 88.2168 0.5005 27.0638 111.3209 214.3464 120.2211 58951 8.37 
51t444 88.5993 0.5280 25.3480 200.9956 162.1400 349.5667 58951 8.95 
51t445 88.5840 0.5059 22.2011 59.4320 48.7031 311.1912 58951 8.53 
51t446 88.3874 0.6120 10.7565 142.3186 99.6630 80.8766 58951 8.96 
51t447 88.3297 0.4993 14.9644 193.9505 132.6782 125.4085 58951 8.99 
51t448 88.3427 0.6017 12.5332 352.3426 49.2980 107.0674 58951 8.23 
51t449 88.4086 0.5580 13.8235 181.2184 243.2224 252.8684 58951 8.84 
51t450 88.4088 0.5232 19.4826 291.0879 65.3970 193.5352 58951 8.88 
51t451 88.5357 0.5244 24.4993 88.7635 142.0308 359.8202 58951 7.35 
51t452 88.2062 0.6023 21.8824 246.8203 202.7809 166.5940 58951 8.33 
51t453 88.4920 0.5653 48.2262 129.3538 11.7948 107.4546 58951 8.49 
51t454 88.4322 0.5118 17.0168 298.8726 271.9169 157.2080 58951 7.77 
51t455 88.5685 0.5446 10.6428 214.0093 251.1525 245.4707 58951 8.73 
51t456 88.2689 0.6046 15.9531 166.9668 185.4987 256.2049 58951 8.85 
51t457 88.5679 0.5025 25.1095 319.8050 179.0492 310.7747 58951 7.27 
51t458 88.2861 0.5942 31.1884 76.2223 209.7317 349.8816 58951 7.89 
51t459 88.2437 0.5630 11.2916 244.0144 172.9239 115.3400 58951 8.55 
51t460 88.2317 0.6161 41.2248 166.3309 169.8071 55.9465 58951 6.82 
51t461 88.5596 0.5482 17.8634 252.4357 297.5827 224.0452 58951 8.05 
51t462 88.4103 0.5387 18.4476 323.1289 132.6138 319.6816 58951 8.96 
51t463 88.5409 0.6003 15.9152 200.2550 114.3258 51.2719 58951 8.21 
51t464 88.2818 0.5594 11.6950 127.3736 302.6346 257.7042 58951 8.13 
51t465 88.4495 0.6095 35.0482 230.6610 270.4992 31.2392 58951 8.58 
51t466 88.4058 0.5707 28.3976 39.7440 254.9734 284.9138 58951 8.66 
51t467 88.4589 0.6130 14.7155 350.8466 183.9066 22.3568 58951 7.97 
51t468 88.5256 0.5960 26.7353 228.5051 64.2419 139.5699 58951 8.93 
51t469 88.5649 0.5111 9.4471 337.7203 95.4289 46.9541 58951 8.32 
51t470 88.2173 0.5328 23.9254 0.7501 132.5421 307.1883 58951 8.22 
51t471 88.4283 0.4902 8.1514 162.3900 214.7717 341.1643 58951 8.87 
51t472 88.2888 0.6054 31.5138 130.7788 47.2779 288.6362 58951 7.83 
51t473 88.3970 0.5804 18.2893 70.4000 339.7935 317.1455 58951 7.38 
51t474 88.2032 0.5162 11.3454 131.3296 335.0309 170.9607 58951 7.78 
51t475 88.3687 0.5062 20.7115 181.7862 342.0105 295.1552 58951 8.97 
51t476 88.2754 0.6228 12.6707 47.8128 78.7294 316.1352 58951 8.84 
51t477 88.5937 0.5605 14.0708 238.5916 288.5839 150.5269 58951 8.55 
51t478 88.2660 0.5273 32.4098 327.4401 264.2042 79.4609 58951 8.96 
51t479 88.3941 0.5255 22.3736 20.1561 329.3491 41.4646 58951 8.62 
51t480 88.3166 0.4952 28.9744 0.6330 149.9047 169.0575 58951 8.91 
51t481 88.4754 0.5507 18.3772 126.9936 238.3742 182.4455 58951 8.98 
51t482 88.5520 0.5993 13.5722 101.6695 89.7344 231.7254 58951 8.38 
51t483 88.4622 0.5072 10.7144 263.8403 42.2101 344.5351 58951 8.99 
51t484 88.2248 0.5623 14.8057 40.6022 18.9730 120.5458 58951 8.95 
51t485 88.5318 0.6226 13.6541 222.8596 205.3615 108.9052 58951 8.79 
51t486 88.4562 0.5366 26.0914 109.1752 247.2605 118.6237 58951 8.33 
51t487 88.3711 0.5184 18.1372 91.1655 5.4450 25.1644 58951 8.47 
51t488 88.4475 0.5558 26.1812 221.3264 162.9570 343.8812 58951 8.82 
51t489 88.5774 0.5530 15.2123 188.2245 5.5656 220.4916 58951 8.48 
51t490 88.3941 0.6140 17.1784 238.4677 3.4467 81.6848 58951 8.71 
51t491 88.3941 0.5805 11.6349 86.6708 173.2333 65.9822 58951 8.84 
51t492 88.3248 0.5858 19.0200 342.8809 160.4977 160.3437 58951 8.38 
51t493 88.5683 0.5163 3.4347 65.4118 221.8454 354.3854 58951 7.89 
51t494 88.4188 0.5050 12.3816 209.7013 334.9785 166.6743 58951 8.76 
51t495 88.3408 0.5491 18.4118 132.9691 135.0010 132.2945 58951 8.90 
51t496 88.2312 0.5006 18.2082 55.2815 64.0998 320.4155 58951 8.50 
51t497 88.5548 0.4976 11.3350 188.4113 228.4382 38.9637 58951 8.74 
51t498 88.3492 0.5997 14.8116 353.3245 282.5453 283.4192 58951 8.63 
51t499 88.2313 0.5512 24.5728 283.7588 20.0788 208.4659 58951 8.66 
51t500 88.5024 0.6126 8.2527 67.8542 99.5433 157.1185 58951 8.87 
